file           exp             +2sigma         +1sigma         -1sigma         -2sigma         observed
2HDM_1000_300  0.00327109655647   0.00610284   0.00455242   0.00235701   0.00175568   0.00384192076826
2HDM_1000_400  0.00415363347096   0.00774938   0.00578066   0.00299292   0.00222936   0.00489936520126
2HDM_1000_500  0.00768477055941   0.0143374   0.010695   0.0055373   0.00412461   0.0102274764167
2HDM_1000_600  0.0133561653997   0.0249184   0.0185879   0.00962386   0.0071686   0.019073242601
2HDM_1000_700  0.0164199285847   0.0306344   0.0228518   0.0118315   0.008813   0.024282128035
2HDM_1000_800  0.0138622009248   0.0258625   0.0192922   0.00998848   0.0074402   0.0192163813179
2HDM_1200_300  0.00207551657081   0.00387226   0.00288852   0.00149552   0.00111398   0.00206355826798
2HDM_1200_400  0.00255677194347   0.00477014   0.00355829   0.0018423   0.00137229   0.00274659916187
2HDM_1200_500  0.00315917938642   0.00589404   0.00439666   0.00227636   0.00169561   0.00363878754219
2HDM_1200_600  0.00372732589467   0.00695402   0.00518736   0.00268574   0.00200055   0.00438462354481
2HDM_1200_700  0.00537507761197   0.0100282   0.00748055   0.00387304   0.00288494   0.00662950095012
2HDM_1200_800  0.00663637665353   0.0123814   0.00923592   0.00478188   0.00356191   0.00854998244221
2HDM_1400_300  0.00130956045636   0.00244323   0.00182253   0.000943611   0.000702875   0.00116433677587
2HDM_1400_400  0.00139743167782   0.00260717   0.00194482   0.00100693   0.000750038   0.00127074426325
2HDM_1400_500  0.00167488537157   0.00312481   0.00233096   0.00120685   0.000898954   0.00154353448635
2HDM_1400_600  0.00209708650785   0.00391251   0.00291854   0.00151107   0.00112556   0.00210880334964
2HDM_1400_700  0.00285682401246   0.00532994   0.00397587   0.0020585   0.00153333   0.00305690210239
2HDM_1400_800  0.00354793436404   0.00661933   0.0049377   0.00255648   0.00190427   0.00396388350107
2HDM_1600_300  0.0012014135103   0.00224146   0.00167202   0.000865685   0.00064483   0.00106552176599
2HDM_1600_400  0.0012104657512   0.00225835   0.00168462   0.000872208   0.000649688   0.00107055016211
2HDM_1600_500  0.00125276759592   0.00233727   0.00174349   0.000902688   0.000672393   0.00112381399713
2HDM_1600_600  0.00137989409324   0.00257445   0.00192041   0.00099429   0.000740625   0.00125142514504
2HDM_1600_700  0.00157800509571   0.00294406   0.00219613   0.00113704   0.000846956   0.00148623594147
2HDM_1600_800  0.00188253444113   0.00351222   0.00261994   0.00135647   0.0010104   0.00177020647778
2HDM_1800_300  0.00118582277089   0.00221237   0.00165032   0.000854451   0.000636462   0.00103545750676
2HDM_1800_400  0.00120393479912   0.00224617   0.00167553   0.000867502   0.000646183   0.0010640622309
2HDM_1800_500  0.00117861582848   0.00219893   0.00164029   0.000849258   0.000632594   0.00104067644518
2HDM_1800_600  0.00118800108418   0.00221644   0.00165335   0.000856021   0.000637631   0.00103078530907
2HDM_1800_700  0.0012565135414   0.00234426   0.0017487   0.000905388   0.000674403   0.00111591456864
2HDM_1800_800  0.00136751230383   0.00255135   0.00190318   0.000985368   0.000733979   0.00122480430492
2HDM_2000_300  0.00123101933461   0.0022967   0.00171322   0.000887018   0.00066072   0.00104936239811
2HDM_2000_400  0.00122519549778   0.00228583   0.00170512   0.000882821   0.000657594   0.00107209319008
2HDM_2000_500  0.00121148084643   0.00226024   0.00168603   0.000872939   0.000650233   0.0010451768744
2HDM_2000_600  0.00121956934533   0.00227533   0.00169729   0.000878767   0.000654574   0.00106186142976
2HDM_2000_700  0.00117189256852   0.00218638   0.00163094   0.000844413   0.000628985   0.00102284910042
2HDM_2000_800  0.00123300826379   0.00230041   0.00171599   0.000888451   0.000661787   0.00106901535853
2HDM_200_200  0.0252573754287   0.0471223   0.035151   0.0181993   0.0135563   0.0321116944534
2HDM_200_300  0.0123457974719   0.0230334   0.0171818   0.00889583   0.00662631   0.0140776193766
2HDM_200_400  0.00781516742563   0.0145807   0.0108765   0.00563126   0.0041946   0.00856562038147
2HDM_2200_300  0.00130400477913   0.00243286   0.0018148   0.000939608   0.000699893   0.00110599126774
2HDM_2200_400  0.00130898386123   0.00244215   0.00182173   0.000943195   0.000702565   0.00111010185909
2HDM_2200_500  0.00127110794559   0.00237149   0.00176901   0.000915904   0.000682236   0.00107652358176
2HDM_2200_600  0.00125382182101   0.00233924   0.00174496   0.000903448   0.000672958   0.00106685152365
2HDM_2200_700  0.00125290155989   0.00233752   0.00174368   0.000902785   0.000672465   0.00108596617719
2HDM_2200_800  0.00120522161521   0.00224857   0.00167732   0.000868429   0.000646874   0.00103541713828
2HDM_2400_200  0.00145381120644   0.00271236   0.00202328   0.00104755   0.000780298   0.00125245845719
2HDM_2400_300  0.00143910555967   0.00268492   0.00200282   0.00103696   0.000772405   0.00120990886031
2HDM_2400_400  0.00141697342766   0.00264363   0.00197202   0.00102101   0.000760526   0.00116518814618
2HDM_2400_500  0.00135830437641   0.00253417   0.00189037   0.000978734   0.000729037   0.00114379669792
2HDM_2400_600  0.00133068733284   0.00248265   0.00185193   0.000958834   0.000714214   0.00112277169162
2HDM_2400_700  0.00130541211865   0.00243549   0.00181676   0.000940622   0.000700648   0.00110547699335
2HDM_2400_800  0.00127510159749   0.00237894   0.00177457   0.000918781   0.00068438   0.00108757960551
2HDM_2600_200  0.00167664445107   0.00312809   0.0023334   0.00120812   0.000899898   0.00141952178712
2HDM_2600_300  0.0016182579553   0.00301916   0.00225215   0.00116604   0.000868561   0.00133912416937
2HDM_2600_400  0.00159537471927   0.00297647   0.0022203   0.00114956   0.000856279   0.001343752676
2HDM_2600_500  0.00153238139879   0.00285894   0.00213263   0.00110417   0.000822469   0.00126442529222
2HDM_2600_600  0.00148916185269   0.00277831   0.00207248   0.00107302   0.000799272   0.00125125321639
2HDM_2600_700  0.00140233181191   0.00261631   0.00195164   0.00101046   0.000752668   0.00117402946662
2HDM_2600_800  0.00136221272257   0.00254146   0.00189581   0.00098155   0.000731135   0.00114827283647
2HDM_2800_200  0.0018811628093   0.00350966   0.00261803   0.00135548   0.00100967   0.0015818068737
2HDM_2800_300  0.0018566432452   0.00346391   0.00258391   0.00133781   0.000996508   0.00154595877972
2HDM_2800_400  0.00186782797877   0.00348478   0.00259948   0.00134587   0.00100251   0.0015781405191
2HDM_2800_500  0.00180049273802   0.00335916   0.00250576   0.00129735   0.000966371   0.00152168027682
2HDM_2800_600  0.00170593943597   0.00318275   0.00237417   0.00122922   0.000915622   0.00141372248941
2HDM_3000_200  0.0021138211914   0.00394373   0.00294183   0.00152313   0.00113454   0.00178520197715
2HDM_3000_300  0.00206447445069   0.00385166   0.00287315   0.00148757   0.00110806   0.00171120294652
2HDM_3000_400  0.002060732973   0.00384468   0.00286794   0.00148487   0.00110605   0.00174978082918
2HDM_3000_500  0.00200192773292   0.00373497   0.0027861   0.0014425   0.00107449   0.00166675154274
2HDM_3000_600  0.00192473496041   0.00359095   0.00267867   0.00138688   0.00103305   0.00161556430576
2HDM_400_200  2.48467070484   4.63562   3.45794   1.79034   1.33359   2.73310806306
2HDM_400_300  0.113572936125   0.211892   0.158061   0.0818356   0.0609575   0.130751089078
2HDM_400_400  0.03402517946   0.0634803   0.0473532   0.024517   0.0182622   0.0379629060458
2HDM_400_500  0.030102119794   0.0561611   0.0418934   0.0216902   0.0161566   0.0340341972064
2HDM_600_200  0.0211660129633   0.0394891   0.029457   0.0152513   0.0113603   0.0299182341022
2HDM_600_300  0.0473452239236   0.0883314   0.0658909   0.0341149   0.0254114   0.0568303310217
2HDM_600_400  0.330116989154   0.615895   0.459427   0.237868   0.177182   0.401805871244
2HDM_600_500  0.0802497923563   0.149721   0.111684   0.0578244   0.0430721   0.0915795202776
2HDM_600_600  0.0655501465052   0.122296   0.0912268   0.0472325   0.0351825   0.0720503957829
2HDM_800_200  0.00787470203192   0.0146917   0.0109593   0.00567416   0.00422656   0.0102298921354
2HDM_800_300  0.0134965146009   0.0251803   0.0187832   0.00972499   0.00724393   0.0193969872659
2HDM_800_400  0.016496446234   0.0307772   0.0229583   0.0118866   0.00885407   0.0241800535307
2HDM_800_500  0.0306743608095   0.0572287   0.0426898   0.0221026   0.0164637   0.0427069791446
2HDM_800_600  0.0464189743825   0.0866033   0.0646018   0.0334474   0.0249143   0.0627106305455
2HDM_800_700  0.0286225726761   0.0534008   0.0398343   0.0206241   0.0153625   0.040082483033
