2HDM_1000_400   0.00332661807275        0.00620643      0.00462969      0.00239701      0.00178548      0.00421190436802
2HDM_1000_500   0.00606709205307        0.0113193       0.00844364      0.00437168      0.00325636      0.00667686280623
2HDM_1000_600   0.0116288161848 0.0216957       0.0161839       0.00837921      0.00624149      0.0119341726762
2HDM_1200_500   0.00251862028264        0.00469896      0.00350519      0.00181481      0.00135181      0.0035762475658
2HDM_1200_600   0.00299320739129        0.00558439      0.00416568      0.00215677      0.00160653      0.00409756367856
2HDM_1200_700   0.00434174746424        0.00810034      0.00604246      0.00312847      0.00233033      0.00577896950739
2HDM_1400_500   0.00115212888306        0.00214951      0.00160343      0.000830173     0.000618377     0.00113576531134
2HDM_1400_600   0.0014818973271 0.00276476      0.00206237      0.00106779      0.000795373     0.00171674612163
2HDM_1400_700   0.00210238986095        0.0039224       0.00292592      0.00151489      0.00112841      0.0026655112967
2HDM_1400_800   0.00267361916829        0.00498814      0.0037209       0.00192649      0.001435        0.00348921687817
2HDM_1600_300   0.000869651575112       0.0016225       0.0012103       0.000626632     0.000466764     0.000790036562539
2HDM_1600_500   0.000896193419449       0.00167202      0.00124724      0.000645757     0.00048101      0.000817595366029
2HDM_1600_600   0.000968127754649       0.00180622      0.00134735      0.00069759      0.000519619     0.000903674942309
2HDM_1600_700   0.00110842413643        0.00206797      0.00154261      0.000798681     0.00059492      0.00108737579763
2HDM_1600_800   0.00131606415818        0.00245536      0.00183158      0.000948297     0.000706366     0.00133774179996
2HDM_1800_500   0.000861767571722       0.00160779      0.00119933      0.000620951     0.000462533     0.000769949171966
2HDM_1800_600   0.000863759528165       0.0016115       0.0012021       0.000622387     0.000463602     0.000766624959263
2HDM_1800_700   0.000904164759394       0.00168689      0.00125834      0.000651501     0.000485289     0.00081735101255
2HDM_1800_800   0.00096787049577        0.00180574      0.001347        0.000697404     0.000519481     0.000899762400936
2HDM_2000_400   0.000944563796802       0.00176226      0.00131456      0.000680611     0.000506972     0.000846808607852
2HDM_2000_500   0.000928805116117       0.00173286      0.00129263      0.000669256     0.000498514     0.000821190641337
2HDM_2000_600   0.000905838114301       0.00169001      0.00126066      0.000652707     0.000486187     0.000800569210695
2HDM_2000_700   0.000867269708323       0.00161805      0.00120699      0.000624916     0.000465486     0.000783154902493
2HDM_2000_800   0.000903870213256       0.00168634      0.00125793      0.000651289     0.00048513      0.000803576100284
2HDM_2200_300   0.00107557778929        0.00200669      0.00149689      0.000775013     0.00057729      0.000960413990049
2HDM_2200_400   0.00106655479011        0.00198986      0.00148434      0.000768512     0.000572447     0.000932142560776
2HDM_2200_500   0.00101644604143        0.00189637      0.0014146       0.000732406     0.000545553     0.000897741680817
2HDM_2200_600   0.000988630681011       0.00184448      0.00137589      0.000712363     0.000530624     0.000876255094099
2HDM_2200_700   0.000957334040283       0.00178609      0.00133233      0.000689812     0.000513826     0.000847864737048
2HDM_2400_300   0.00126984265243        0.00236913      0.00176725      0.000914992     0.000681557     0.00112327946296
2HDM_2400_400   0.00123546535916        0.00230499      0.00171941      0.000890221     0.000663106     0.00107543393196
2HDM_2400_500   0.0011533831453 0.00215185      0.00160518      0.000831076     0.00061905      0.00102377730224
2HDM_2400_600   0.0011101006365 0.0020711       0.00154494      0.000799889     0.00059582      0.00097888151483
2HDM_2400_700   0.00105922119566        0.00197617      0.00147413      0.000763228     0.000568511     0.000929020591578
2HDM_2600_300   0.00162574918006        0.00303314      0.00226257      0.00117144      0.000872581     0.00144713012804
2HDM_2600_400   0.00154116948769        0.00287534      0.00214486      0.0011105       0.000827185     0.00138204979574
2HDM_2600_500   0.00142666300177        0.00266171      0.0019855       0.00102799      0.000765727     0.00124907075641
2HDM_2600_600   0.00133380762587        0.00248847      0.00185627      0.000961082     0.000715889     0.00117583349228
2HDM_2600_700   0.00121365261145        0.0022643       0.00168905      0.000874504     0.000651399     0.00107914093503
2HDM_2800_300   0.00217439723318        0.00405674      0.00302613      0.00156677      0.00116706      0.00192144822455
2HDM_2800_400   0.00218315862356        0.00407309      0.00303833      0.00157309      0.00117176      0.00194508655625
2HDM_2800_500   0.00198081792847        0.00369559      0.00275673      0.00142729      0.00106316      0.00176494845131
2HDM_2800_600   0.00177521225349        0.00331199      0.00247058      0.00127914      0.000952802     0.00157056653824
2HDM_3000_200   0.00298925046667        0.005577        0.00416017      0.00215392      0.00160441      0.00282306144633
2HDM_3000_300   0.00287704206513        0.00536766      0.00400401      0.00207307      0.00154418      0.00255559159649
2HDM_3000_400   0.00285174193598        0.00532046      0.0039688       0.00205484      0.0015306       0.00256965987053
2HDM_3000_500   0.00263087671932        0.00490839      0.00366142      0.00189569      0.00141206      0.0023073328994
2HDM_3000_600   0.0023370560178 0.00436021      0.00325251      0.00168398      0.00125436      0.00204478344907
2HDM_400_300    0.0894373545651 0.166862        0.124471        0.0644446       0.0480033       0.0880454703113
2HDM_400_400    0.0260291341463 0.0485622       0.036225        0.0187554       0.0139705       0.0279731306586
2HDM_600_300    0.0451948163302 0.0843194       0.0628981       0.0325654       0.0242572       0.0336491451247
2HDM_600_400    0.306808513396  0.572409        0.426989        0.221073        0.164672        0.271345051216
2HDM_800_300    0.0122331421752 0.0228232       0.017025        0.00881466      0.00656584      0.0104646240966
2HDM_800_400    0.0155614488848 0.0290328       0.021657        0.0112129       0.00835223      0.0133996988605
2HDM_800_500    0.0287194464945 0.0535815       0.0399692       0.020694        0.0154145       0.022533214012

