2HDM_1000_400   0.00349792807208        0.00652604      0.0048681       0.00252045      0.00187743      0.00407346376045
2HDM_1000_500   0.00695841960682        0.0129822       0.00968411      0.00501393      0.00373476      0.00877136630741
2HDM_1000_600   0.0117937452664 0.0220034       0.0164135       0.00849805      0.00633001      0.0145523419915
2HDM_1200_500   0.00262447424671        0.00489645      0.00365251      0.00189108      0.00140862      0.00285963555577
2HDM_1200_600   0.00308930575667        0.00576368      0.00429942      0.00222602      0.00165811      0.0034887321889
2HDM_1200_700   0.00466432284858        0.00870217      0.00649139      0.0033609       0.00250346      0.00554012152797
2HDM_1400_500   0.00114463501788        0.00213553      0.001593        0.000824773     0.000614355     0.00105374180374
2HDM_1400_600   0.0015283642586 0.00285145      0.00212704      0.00110127      0.000820313     0.00147535179104
2HDM_1400_700   0.00228279134827        0.00425897      0.00317699      0.00164488      0.00122523      0.00228536799356
2HDM_1400_800   0.00285162391338        0.00532024      0.00396864      0.00205475      0.00153054      0.00301482365665
2HDM_1600_300   0.000795855668336       0.00148482      0.0011076       0.000573458     0.000427156     0.000638487506345
2HDM_1600_500   0.000863597567154       0.0016112       0.00120188      0.00062227      0.000463515     0.000693245656237
2HDM_1600_600   0.000920050977873       0.00171653      0.00128044      0.000662948     0.000493815     0.00078296859991
2HDM_1600_700   0.00111752859752        0.00208496      0.00155528      0.000805241     0.000599806     0.000960071120077
2HDM_1600_800   0.00136167480779        0.00254046      0.00189506      0.000981162     0.000730846     0.00123993827945
2HDM_1800_500   0.000789155061745       0.00147232      0.00109828      0.00056863      0.00042356      0.000607503808438
2HDM_1800_600   0.000823297595624       0.00153602      0.00114579      0.000593232     0.000441885     0.000638825108605
2HDM_1800_700   0.000836412866577       0.00156048      0.00116404      0.000602682     0.000448924     0.000681845384789
2HDM_1800_800   0.0009173923847 0.00171157      0.00127674      0.000661032     0.000492388     0.000773350018895
2HDM_2000_400   0.000774232247592       0.00144447      0.00107751      0.000557877     0.00041555      0.000575221420325
2HDM_2000_500   0.000778066049539       0.00145163      0.00108284      0.00056064      0.000417608     0.000580811599539
2HDM_2000_600   0.000781578570564       0.00145818      0.00108773      0.000563171     0.000419493     0.000607195604523
2HDM_2000_700   0.000783236751777       0.00146127      0.00109004      0.000564365     0.000420383     0.00061238909679
2HDM_2000_800   0.000812199335187       0.00151531      0.00113035      0.000585235     0.000435928     0.00064896342798
2HDM_2200_300   0.000767933562075       0.00143272      0.00106874      0.000553339     0.00041217      0.000583900787112
2HDM_2200_400   0.000786587626201       0.00146753      0.0010947       0.00056678      0.000422182     0.000595174040863
2HDM_2200_500   0.000784981062452       0.00146453      0.00109247      0.000565622     0.00042132      0.000586000665923
2HDM_2200_600   0.000764258186286       0.00142587      0.00106363      0.00055069      0.000410197     0.000591003465347
2HDM_2200_700   0.000787953415305       0.00147007      0.0010966       0.000567764     0.000422915     0.00059322732804
2HDM_2400_300   0.000793005895602       0.0014795       0.00110363      0.000571405     0.000425627     0.000594584422609
2HDM_2400_400   0.000796997711524       0.00148695      0.00110919      0.000574281     0.000427769     0.000598959882538
2HDM_2400_500   0.000790686331092       0.00147517      0.00110041      0.000569733     0.000424382     0.000598377148222
2HDM_2400_600   0.000773503570771       0.00144312      0.00107649      0.000557352     0.000415159     0.000587886814658
2HDM_2400_700   0.000799350727836       0.00149134      0.00111246      0.000575976     0.000429032     0.000591727387269
2HDM_2600_300   0.000828423105949       0.00154558      0.00115293      0.000596925     0.000444636     0.000616363620046
2HDM_2600_400   0.000831357241783       0.00155105      0.00115701      0.000599039     0.000446211     0.00060405551453
2HDM_2600_500   0.000831672475873       0.00155164      0.00115745      0.000599266     0.00044638      0.000608806322701
2HDM_2600_600   0.000807774209644       0.00150705      0.00112419      0.000582046     0.000433553     0.000606912029869
2HDM_2600_700   0.000811193892466       0.00151343      0.00112895      0.00058451      0.000435389     0.000596516025045
2HDM_2800_300   0.000872640585315       0.00162807      0.00121446      0.000628786     0.000468369     0.000628457308925
2HDM_2800_400   0.00086210510224        0.00160842      0.0011998       0.000621194     0.000462714     0.000631682323679
2HDM_2800_500   0.000859469691943       0.0016035       0.00119613      0.000619296     0.0004613       0.000634789270513
2HDM_2800_600   0.000840766768018       0.00156861      0.0011701       0.000605819     0.000451261     0.000627466241663
2HDM_3000_200   0.000910335146795       0.0016984       0.00126692      0.000655947     0.0004886       0.000662049235807
2HDM_3000_300   0.00092496663664        0.0017257       0.00128729      0.00066649      0.000496453     0.000650233080967
2HDM_3000_400   0.000916041616153       0.00170905      0.00127486      0.000660059     0.000491663     0.000651974879106
2HDM_3000_500   0.000892362214323       0.00166487      0.00124191      0.000642996     0.000478954     0.000648296153424
2HDM_3000_600   0.000887571202432       0.00165593      0.00123524      0.000639544     0.000476382     0.000651035766523
2HDM_400_300    0.0966130476783 0.18025 0.134457        0.0696151       0.0518547       0.091262697535
2HDM_400_400    0.0260410154546 0.0485844       0.0362416       0.018764        0.0139769       0.0255755632003
2HDM_600_300    0.0380823094539 0.0710497       0.0529996       0.0274404       0.0204398       0.0348626633179
2HDM_600_400    0.312277349727  0.582612        0.4346  0.225013        0.167607        0.258762443052
2HDM_800_300    0.0108706257789 0.0202812       0.0151288       0.00783289      0.00583455      0.0135063337562
2HDM_800_400    0.0129681699189 0.0241945       0.0180479       0.00934428      0.00696035      0.0145007950893
2HDM_800_500    0.0259982025028 0.0485045       0.036182        0.0187331       0.0139539       0.0281582075828
