2HDM_1000_400   0.00310662972718        0.005796        0.00432353      0.0022385       0.00166741      0.00370393510833
2HDM_1000_500   0.00584924261615        0.0109129       0.00814045      0.0042147       0.00313944      0.00792919698257
2HDM_1000_600   0.010563223223  0.0197077       0.014701        0.00761139      0.00566955      0.0156826883827
2HDM_1200_500   0.00236945218619        0.00442066      0.00329759      0.00170732      0.00127175      0.00274195597431
2HDM_1200_600   0.0027981725217 0.00522051      0.00389425      0.00201624      0.00150185      0.0033279096011
2HDM_1200_700   0.00404785284932        0.00755203      0.00563344      0.0029167       0.00217259      0.00504959934627
2HDM_1400_500   0.00116290159714        0.00216961      0.00161842      0.000837935     0.000624159     0.000957237301619
2HDM_1400_600   0.00146899481675        0.00274068      0.00204442      0.00105849      0.000788447     0.0013665409039
2HDM_1400_700   0.00208746065362        0.00389455      0.00290514      0.00150413      0.00112039      0.00210007299062
2HDM_1400_800   0.00261604072043        0.00488071      0.00364077      0.001885        0.0014041       0.00281274819484
2HDM_1600_300   0.000831600217286       0.00155151      0.00115735      0.000599214     0.000446341     0.000653020153036
2HDM_1600_500   0.000857342676904       0.00159953      0.00119317      0.000617763     0.000460158     0.00068317919326
2HDM_1600_600   0.000955061280241       0.00178185      0.00132917      0.000688175     0.000512606     0.000771685758108
2HDM_1600_700   0.00108219764073        0.00201904      0.00150611      0.000779783     0.000580843     0.000911606875267
2HDM_1600_800   0.00130109578082        0.00242744      0.00181075      0.000937512     0.000698332     0.0010964746963
2HDM_1800_500   0.000816869238155       0.00152402      0.00113685      0.0005886       0.000438435     0.000638391808752
2HDM_1800_600   0.000812866649041       0.00151655      0.00113128      0.000585715     0.000436286     0.000619859718615
2HDM_1800_700   0.000860032292069       0.00160455      0.00119692      0.000619701     0.000461602     0.000676419262679
2HDM_1800_800   0.000946005414862       0.00176495      0.00131657      0.000681649     0.000507745     0.000752757631037
2HDM_2000_400   0.000856403950573       0.00159778      0.00119187      0.000617086     0.000459654     0.00066133258959
2HDM_2000_500   0.000842308623098       0.00157148      0.00117225      0.00060693      0.000452089     0.000636291687436
2HDM_2000_600   0.000848705059433       0.00158342      0.00118115      0.000611539     0.000455522     0.000651050925623
2HDM_2000_700   0.000803556091054       0.00149918      0.00111832      0.000579007     0.000431289     0.00062169524563
2HDM_2000_800   0.000845561340205       0.00157755      0.00117678      0.000609274     0.000453835     0.000643287021072
2HDM_2200_300   0.000908923741891       0.00169577      0.00126496      0.00065493      0.000487843     0.00067214665686
2HDM_2200_400   0.000912990184038       0.00170335      0.00127062      0.00065786      0.000490025     0.000674784865193
2HDM_2200_500   0.000889324590989       0.0016592       0.00123768      0.000640808     0.000477323     0.000655662232203
2HDM_2200_600   0.000876403660719       0.00163509      0.0012197       0.000631497     0.000470388     0.000652959282737
2HDM_2200_700   0.000874625387679       0.00163178      0.00121723      0.000630216     0.000469434     0.000666982515426
2HDM_2400_300   0.00101736427599        0.00189808      0.00141588      0.000733067     0.000546046     0.000742329051362
2HDM_2400_400   0.000993538496429       0.00185363      0.00138272      0.0007159       0.000533258     0.000705968380451
2HDM_2400_500   0.000949566318846       0.00177159      0.00132152      0.000684215     0.000509657     0.000693379080936
2HDM_2400_600   0.000928831422255       0.00173291      0.00129266      0.000669274     0.000498528     0.000681494975914
2HDM_2400_700   0.000907482510009       0.00169308      0.00126295      0.000653891     0.000487069     0.000668742611861
2HDM_2600_300   0.00115596984857        0.00215668      0.00160878      0.00083294      0.000620439     0.000824292379091
2HDM_2600_400   0.00113551428078        0.00211851      0.00158031      0.000818201     0.00060946      0.00082863546019
2HDM_2600_500   0.00108239030793        0.0020194       0.00150637      0.000779922     0.000580947     0.000770483830419
2HDM_2600_600   0.00105200046019        0.0019627       0.00146408      0.000758025     0.000564636     0.000766662874473
2HDM_2600_700   0.000983133951248       0.00183422      0.00136824      0.000708402     0.000527673     0.00071440129992
2HDM_2800_300   0.00133361504875        0.00248811      0.00185601      0.000960943     0.000715786     0.000953676774063
2HDM_2800_400   0.0013539983594 0.00252614      0.00188437      0.000975631     0.000726726     0.000987664905744
2HDM_2800_500   0.00130147468051        0.00242814      0.00181128      0.000937785     0.000698535     0.00095070499561
2HDM_2800_600   0.00121571014284        0.00226813      0.00169192      0.000875986     0.000652503     0.000866351510995
2HDM_3000_200   0.00153729247317        0.00286811      0.00213947      0.0011077       0.000825105     0.00111693633372
2HDM_3000_300   0.00149679635208        0.00279255      0.00208311      0.00107852      0.000803369     0.00106685333204
2HDM_3000_400   0.00150768365086        0.00281287      0.00209826      0.00108637      0.000809213     0.00110585982169
2HDM_3000_500   0.00145410254504        0.0027129       0.00202369      0.00104776      0.000780454     0.00104122836673
2HDM_3000_600   0.00139284307283        0.00259861      0.00193843      0.00100362      0.000747575     0.00100541620961
2HDM_400_300    0.0854392238767 0.159403        0.118907        0.0615637       0.0458574       0.0921141572577
2HDM_400_400    0.0249738436613 0.0465934       0.0347564       0.017995        0.0134041       0.0253487731534
2HDM_600_300    0.0385997649002 0.0720151       0.0537197       0.0278133       0.0207175       0.0478771905151
2HDM_600_400    0.269129260554  0.502111        0.37455 0.193923        0.144449        0.333524332427
2HDM_800_300    0.0108070997461 0.0201627       0.0150404       0.00778711      0.00580045      0.0162660621878
2HDM_800_400    0.0132928503118 0.0248003       0.0184998       0.00957823      0.00713462      0.0206883608458
2HDM_800_500    0.0248293107296 0.0463237       0.0345552       0.0178909       0.0133265       0.0364049436159

