2HDM_1000_400   0.00303589298308        0.00566403      0.00422508      0.00218753      0.00162944      0.00316471377993
2HDM_1000_500   0.00585067186979        0.0109155       0.00814244      0.00421573      0.00314021      0.00664594896005
2HDM_1000_600   0.0102325135109 0.0190907       0.0142407       0.00737309      0.00549205      0.011510651955
2HDM_1200_500   0.0023236170799 0.00433514      0.0032338       0.00167429      0.00124715      0.00227818635061
2HDM_1200_600   0.00271983005732        0.00507435      0.00378522      0.00195979      0.0014598       0.00276393045547
2HDM_1200_700   0.00404848220636        0.0075532       0.00563432      0.00291716      0.00217292      0.00430020500191
2HDM_1400_500   0.00102215165563        0.00190701      0.00142254      0.000736517     0.000548615     0.000974340485679
2HDM_1400_600   0.00135029477272        0.00251923      0.00187922      0.000972962     0.000724738     0.0013280373104
2HDM_1400_700   0.00202057047786        0.00376975      0.00281205      0.00145593      0.00108449      0.00192707963374
2HDM_1400_800   0.00250889278692        0.00468081      0.00349165      0.0018078       0.00134659      0.00252955849313
2HDM_1600_300   0.000714616791442       0.00133325      0.00099454      0.000514921     0.000383553     0.000608894129989
2HDM_1600_500   0.000782202857318       0.00145935      0.0010886       0.00056362      0.000419828     0.000658995682626
2HDM_1600_600   0.000825399982868       0.00153994      0.00114872      0.000594746     0.000443013     0.000739611186823
2HDM_1600_700   0.00100270635501        0.00187074      0.00139548      0.000722505     0.000538178     0.000884575558678
2HDM_1600_800   0.0012112225795 0.00225976      0.00168567      0.000872753     0.000650094     0.00113112159361
2HDM_1800_500   0.0007113979711 0.00132725      0.00099006      0.000512602     0.000381826     0.000574393913927
2HDM_1800_600   0.000742394186128       0.00138507      0.0010332       0.000534936     0.000398462     0.000604796036065
2HDM_1800_700   0.000751138963099       0.00140139      0.00104537      0.000541237     0.000403156     0.000649264678033
2HDM_1800_800   0.000825513669243       0.00154015      0.00114888      0.000594828     0.000443074     0.00073355961956
2HDM_2000_400   0.000691932632032       0.00129093      0.00096297      0.000498576     0.000371378     0.000544476799876
2HDM_2000_500   0.000695798696032       0.00129814      0.00096835      0.000501361     0.000373453     0.000549427403314
2HDM_2000_600   0.000694869039006       0.00129641      0.000967057     0.000500692     0.000372954     0.000581210715666
2HDM_2000_700   0.00070158260718        0.00130893      0.0009764       0.000505529     0.000376557     0.000583381022424
2HDM_2000_800   0.000726378621929       0.00135519      0.00101091      0.000523396     0.000389866     0.000619276959448
2HDM_2200_300   0.000680502932334       0.00126961      0.000947063     0.00049034      0.000365243     0.000559247629376
2HDM_2200_400   0.000695455588017       0.0012975       0.000967873     0.000501114     0.000373269     0.000569726972569
2HDM_2200_500   0.000698050684522       0.00130234      0.000971485     0.000502984     0.000374662     0.000557233053755
2HDM_2200_600   0.000678641001873       0.00126613      0.000944472     0.000488998     0.000364244     0.00056107252241
2HDM_2200_700   0.00070171440873        0.00130918      0.000976583     0.000505624     0.000376628     0.000560899092902
2HDM_2400_300   0.000696648210316       0.00129973      0.000969533     0.000501974     0.000373909     0.000568069498396
2HDM_2400_400   0.000700225619597       0.0013064       0.000974511     0.000504551     0.000375829     0.000571803155413
2HDM_2400_500   0.000698305187461       0.00130282      0.000971839     0.000503168     0.000374798     0.000569535987543
2HDM_2400_600   0.000684107462269       0.00127633      0.00095208      0.000492937     0.000367178     0.000562206648439
2HDM_2400_700   0.000709565888856       0.00132383      0.00098751      0.000511282     0.000380842     0.000563369324729
2HDM_2600_300   0.000722060276161       0.00134714      0.0010049       0.000520284     0.000387548     0.00058688646345
2HDM_2600_400   0.00072878109453        0.00135968      0.00101425      0.000525127     0.000391156     0.000572342265482
2HDM_2600_500   0.000729143124315       0.00136035      0.00101476      0.000525388     0.00039135      0.000578458752899
2HDM_2600_600   0.000710374615253       0.00132534      0.000988636     0.000511864     0.000381276     0.000577208350358
2HDM_2600_700   0.00071599850015        0.00133583      0.000996463     0.000515917     0.000384295     0.000566179695675
2HDM_2800_300   0.000756168031851       0.00141077      0.00105237      0.000544861     0.000405855     0.000595594969995
2HDM_2800_400   0.000748228142916       0.00139596      0.00104132      0.00053914      0.000401593     0.000598665185541
2HDM_2800_500   0.000746317149091       0.00139239      0.00103866      0.000537763     0.000400568     0.000602221256495
2HDM_2800_600   0.000730980398648       0.00136378      0.00101731      0.000526712     0.000392336     0.000599079754819
2HDM_3000_200   0.000776996010559       0.00144963      0.00108135      0.000559869     0.000417034     0.000626306874947
2HDM_3000_300   0.000791049163415       0.00147585      0.00110091      0.000569995     0.000424576     0.000612871356466
2HDM_3000_400   0.000785381587772       0.00146528      0.00109302      0.000565911     0.000421535     0.000614582364024
2HDM_3000_500   0.000770277722474       0.0014371       0.001072        0.000555028     0.000413428     0.000612384370851
2HDM_3000_600   0.000765616768248       0.0014284       0.00106552      0.000551669     0.000410926     0.000615534833734
2HDM_400_300    0.0855981140132 0.159699        0.119128        0.0616782       0.0459427       0.0794400954745
2HDM_400_400    0.0229839994509 0.0428809       0.0319871       0.0165612       0.0123361       0.0222771515463
2HDM_600_300    0.0328253543837 0.0612418       0.0456834       0.0236525       0.0176182       0.0341824300372
2HDM_600_400    0.236875582973  0.441936        0.329662        0.170682        0.127137        0.245290362205
2HDM_800_300    0.00960519713231        0.0179203       0.0133677       0.00692108      0.00515536      0.0110689003257
2HDM_800_400    0.0114845899098 0.0214266       0.0159832       0.00827528      0.00616408      0.0120200347234
2HDM_800_500    0.0224721004756 0.0419259       0.0312747       0.0161924       0.0120614       0.0243003480339
