HeavyHiggsMass,MedMass,TanBeta,DarkMatterMass,ExpLimit,ObsLimit,Sigma1Plus,Sigma1Minus,Sigma2Plus,Sigma2Minus
600,350,0.5,10,14.8505,19.5729,20.6676,10.7006,27.7064,7.97065
300,250,1.0,10,4.11615e+14,2.87418e+14,5.72849e+14,2.96592e+14,7.67945e+14,2.20924e+14
400,100,1.0,10,1.05512,0.997229,1.46842,0.760273,1.96852,0.566311
400,250,1.0,10,2.3097e+08,-nan,3.21444e+08,1.66427e+08,4.30918e+08,1.23968e+08
600,300,1.0,10,5.93,6.84829,8.25285,4.2729,11.0635,3.18279
600,250,1.0,124,2.7129,3.32539,3.77558,1.9548,5.06143,1.45609
1200,350,1.0,10,6.41642,6.22877,8.9298,4.62339,11.971,3.44386
600,250,1.0,100,2.59789,3.26787,3.61551,1.87192,4.84684,1.39435
600,400,3.0,10,1.81924e+20,2.00289e+20,2.53185e+20,1.31086e+20,3.39413e+20,9.76431e+19
1300,250,1.0,10,8.11875,8.1998,11.299,5.85001,15.1471,4.35754
700,400,1.0,10,13.2592,16.2464,18.453,9.55401,24.7376,7.11657
300,150,1.0,10,9.09996,9.47743,12.6645,6.55702,16.9777,4.88418
600,350,1.0,10,20.6056,25.4643,28.677,14.8474,38.4435,11.0595
1200,250,1.0,10,5.61446,5.53561,7.8137,4.04553,10.4748,3.01342
250,150,1.0,10,24.2081,33.1803,33.6906,17.4433,45.1647,12.9931
500,100,1.0,10,0.754963,0.769126,1.05069,0.543993,1.40852,0.405208
300,200,1.0,10,22.3524,4.35721e+07,31.108,16.1061,41.7025,11.9971
600,100,1.0,10,0.858457,1.1047,1.19472,0.618566,1.60161,0.460756
1400,250,1.0,10,11.4082,11.3229,15.8768,8.22021,21.284,6.12305
500,350,1.0,10,3.86585e+18,7.36964e+33,5.38015e+18,2.78556e+18,7.21247e+18,2.0749e+18
400,200,1.0,10,21.5879,24.4765,30.0441,15.5553,40.2763,11.5868
1300,350,1.0,10,9.18759,8.76318,12.7865,6.62017,17.1412,4.93122
1300,150,1.0,10,7.72625,7.84047,10.7527,5.56719,14.4148,4.14688
1000,400,1.0,10,4.28535,4.91337,5.96397,3.08783,7.99513,2.30006
600,250,1.0,200,1.49945e+45,-nan,2.08681e+45,1.08044e+45,2.79751e+45,8.04796e+44
600,250,1.0,125,0.249244,0.31475,0.346876,0.179594,0.465012,0.133776
600,300,0.3,10,4.84624,6.092,6.74456,3.49198,9.04156,2.6011
1100,150,1.0,10,3.24213,3.41449,4.5121,2.33613,6.04879,1.74013
350,300,1.0,10,1.46363e+17,2.79125e+16,2.03695e+17,1.05462e+17,2.73067e+17,7.85566e+16
700,300,1.0,10,3.08751,3.97564,4.29692,2.22472,5.76033,1.65715
700,500,1.0,10,3.47848e+18,5.89575e+18,4.84104e+18,2.50644e+18,6.48976e+18,1.86699e+18
400,300,1.0,10,5.56585e+20,-nan,7.74606e+20,4.01051e+20,1.03841e+21,2.98734e+20
1100,500,1.0,10,8.02545,8.7158,11.1691,5.78278,14.973,4.30746
600,200,0.5,10,1.59116,2.10351,2.21444,1.14652,2.96861,0.854017
1100,350,1.0,10,4.36227,4.63302,6.07101,3.14326,8.13863,2.34134
200,100,1.0,10,17.391,13.3772,24.2033,12.5312,32.4462,9.33421
900,500,1.0,10,13.2052,17.1356,18.3778,9.51507,24.6367,7.08757
1400,150,1.0,10,10.6001,10.9941,14.7522,7.63793,19.7764,5.68933
600,350,0.3,10,13.3085,15.2442,18.5216,9.58954,24.8296,7.14304
600,300,0.5,10,5.69164,6.23095,7.92112,4.10115,10.6188,3.05485
600,250,1.0,126,25.4648,31.2214,35.4397,18.3488,47.5094,13.6676
600,300,3.0,10,11.9225,13.5584,16.5927,8.59083,22.2437,6.39912
400,350,1.0,10,3.00626e+26,5.26125e+24,4.18384e+26,2.16617e+26,5.60873e+26,1.61354e+26
600,200,3.0,10,4.72907,5.64147,6.5815,3.40756,8.82297,2.53822
1100,250,1.0,10,3.7228,3.88189,5.18107,2.68249,6.94559,1.99813
500,300,1.0,10,862.651,1901.84,1200.56,621.588,1609.44,463.007
500,150,1.0,10,1.32035,1.3016,1.83754,0.951382,2.46335,0.708663
300,100,1.0,10,10.8525,9.1844,15.1036,7.81986,20.2475,5.82484
1100,400,1.0,10,5.49621,6.27913,7.64913,3.96032,10.2542,2.94996
800,500,1.0,10,29.6928,195.223,41.3238,21.3953,55.3974,15.9369
600,400,0.5,10,424719,6058.24,591086,306033,792392,227958
600,200,1.0,10,1.55553,1.69173,2.16485,1.12084,2.90213,0.834892
600,200,0.3,10,1.82901,2.39665,2.54545,1.3179,3.41235,0.981675
500,250,1.0,10,8.42269,8.98087,11.722,6.06902,15.7141,4.52068
500,200,1.0,10,3.26076,3.72005,4.53804,2.34956,6.08356,1.75013
800,400,1.0,10,6.76308,8.85863,9.41225,4.87317,12.6178,3.62992
600,100,0.3,10,0.988662,1.47392,1.37593,0.712386,1.84453,0.53064
900,400,1.0,10,4.69132,6.56428,6.52896,3.38035,8.75253,2.51795
600,400,1.0,10,1.96512e+13,4.02301e+12,2.73488e+13,1.41598e+13,3.6663e+13,1.05473e+13
600,100,3.0,10,2.78678,3.58564,3.87839,2.00803,5.19926,1.49574
600,250,1.0,10,2.73421,3.51825,3.80523,1.97015,5.10118,1.46752
400,150,1.0,10,2.63918,3.01043,3.67297,1.90167,4.92388,1.41652
1200,400,1.0,10,7.1223,7.19338,9.91218,5.13201,13.288,3.82272
600,350,3.0,10,36.1432,663.814,50.3008,26.0432,67.4318,19.399
350,200,1.0,10,11.5484,9.41143,16.072,8.32123,21.5456,6.1983
250,100,1.0,10,11.2908,6.3688,15.7135,8.13562,21.065,6.06004
1000,500,1.0,10,8.17894,10.2246,11.3827,5.89338,15.2593,4.38985
600,400,0.3,10,38.1373,11797.7,53.0761,27.48,71.1523,20.4693
